% a=0.91;
% e0=0.456;
% p0=9.2;
% iota0_deg=38;
% r0=p0;
% theta0_deg=84;
% phi0_deg=12;
% sign_rdot0=1;
% sign_Tdot0=-1;
% M=1.3e6;
% mu=7.2;
% tspan=2e7;
% SmallSteps=2^20;
% BigSteps=2^4;
% tol=1e-5;
% coords='spherical';
% order='octupole';
% thetasb_deg=28;
% phisb_deg=19;
% theta_k_deg=41;
% phi_k_deg=112;
% D = 1.e17;

% from test.m
% a = 0.6;
% e0 = 3.177125221357601e-01;
% p0 =1.035337560054510e+01;
% iota0_deg = 2.998193936302138e+01;
% r0 = 8.921057345055345e+00; 
% theta0_deg = 7.221127305582458e+01;
% phi0_deg = -4.714401859133752e+06;
% sign_rdot0 = -1;
% sign_Tdot0 = 1;
% M = 1.e6;
% mu = 10.e0;
% t0=-3.045732145708604e+06;
% tspan = 2.5e7;
% SmallSteps = 1024*1024;
% BigSteps = 64;
% tol = 1e-4;
% coords = 'spherical';
% D = 1.e17;
% thetasb_deg = 45;
% phisb_deg = 150;
% theta_k_deg = 60;
% phi_k_deg = 200;
% order = 'quadrupole';
% for test.m with extra=0
a = 0.6;
e0 = 3.177102857980181e-01;
p0 =1.035333114568974e+01;
iota0_deg = 2.998194158095480e+01;
r0 = 7.991675344276604e+00;
theta0_deg = 8.473071527319317e+01;
phi0_deg = -4.713797938634511e+06;
sign_rdot0 = 1;
sign_Tdot0 = -1;
M = 1.e6;
mu = 10.e0;
t0=-3.045358484207205e+06;
tspan = 2.5e7;
SmallSteps = 1258291;
BigSteps = 64;
tol = 1e-4;
coords = 'spherical';
D = 1.e17;
thetasb_deg = 45;
phisb_deg = 150;
theta_k_deg = 60;
phi_k_deg = 200;
order = 'quadrupole';
